Best MSE: 0.42014697194099426
Best MAE: 0.4234883189201355
Best Hyperparameters:
static: ma
learning_rate: 0.01
batch_size: 256
seq_len: 336
pred_len: 336
train_epochs: 30
kernel_size: 12
scale: 0.02
model_type: mlp
d_model: 128
