Best MSE: 0.35965490341186523
Best MAE: 0.3991100788116455
Best Hyperparameters:
static: ma
learning_rate: 0.03
batch_size: 256
seq_len: 336
pred_len: 336
train_epochs: 30
kernel_size: 12
scale: 0.01
model_type: mlp
d_model: 256
