Best MSE: 0.39691266417503357
Best MAE: 0.41771283745765686
Best Hyperparameters:
static: ma
learning_rate: 0.02
batch_size: 128
seq_len: 720
pred_len: 192
train_epochs: 30
kernel_size: 16
scale: 0.03
model_type: mlp
d_model: 128
