Best MSE: 0.2699127495288849
Best MAE: 0.3381756842136383
Best Hyperparameters:
static: ma
learning_rate: 0.04
batch_size: 256
seq_len: 720
pred_len: 96
train_epochs: 30
kernel_size: 16
scale: 0.02
model_type: mlp
d_model: 128
