Best MSE: 0.2875121831893921
Best MAE: 0.34128430485725403
Best Hyperparameters:
static: ma
learning_rate: 0.01
batch_size: 128
seq_len: 96
pred_len: 96
train_epochs: 30
kernel_size: 16
scale: 0.03
model_type: mlp
d_model: 256
