Best MSE: 0.4115692675113678
Best MAE: 0.41653698682785034
Best Hyperparameters:
static: ma
learning_rate: 0.01
batch_size: 256
seq_len: 96
pred_len: 192
train_epochs: 30
kernel_size: 12
scale: 0.03
model_type: mlp
d_model: 256
